00000000000000000000000000000000000000000000000000000000000000000000000000000000000000000000000000000000000000000000000000000000000000000000000000000000000000000000000000000000000000000000000000000000000000000000
00000000000000000000000000000000000000000000000000000000000000000000000000000000000000000000000000000000000000000000000000000000000000000000000000000000000000000000000000000000000000000000000000000000000000000000
00000000000000000000000000000000000000000000000000000000000000000000000000000000000000000000000000000000000000000000000000000000000000000000000000000000000000000000000000000000000000000000000000000000000000000000
00000000000000000000000000000000000000000000000000000000000000000000000000000000000000000000000000000000000000000000000000000000000000000000000000000000000000000000000000000000000000000000000000000000000000000000
00000000000000000000000000000000000000000000000000000000000000000000000000000000000000000000000000000011111111111111100000000000000000000000000000000000000000000000000000000000000000000000000000000000000000000000
00000000000000000000000000000000000000000000000000000000000000000000000000000000000000000000000011111111111111111111111111111000000000000000000000000000000000000000000000000000000000000000000000000000000000000000
00000000000000000000000000000000000000000000000000000000000000000000000000000000000000000000011111111111111111111111111111111111110000000000000000000000000000000000000000000000000000000000000000000000000000000000
00000000000000000000000000000000000000000000000000000000000000000000000000000000000000001111111111111111111111111111111111111111111111110000000000000000000000000000000000000000000000000000000000000000000000000000
00000000000000000000000000000000000000000000000000000000000000000000000000000000000001111111111111111111111111111111111111111111111111111111000000000000000000000000000000000000000000000000000000000000000000000000
00000000000000000000000000000000000000000000000000000000000000000000000000000000001111111111111111111111111111111111111111111111111111111111110000000000000000000000000000000000000000000000000000000000000000000000
00000000000000000000000000000000000000000000000000000000000000000000000000000001111111111111111111111111111111111111111111111111111111111111111100000000000000000000000000000000000000000000000000000000000000000000
00000000000000000000000000000000000000000000000000000000000000000000000000000111111111111111111111111111111111111111111111111111111111111111111111100000000000000000000000000000000000000000000000000000000000000000
00000000000000000000000000000000000000000000000000000000000000000000000000011111111111111111111111111111111111111111111111111111111111111111111111110000000000000000000000000000000000000000000000000000000000000000
00000000000000000000000000000000000000000000000000000000000000000000000001111111111111111111111111111111111111111111111111111111111111111111111111111100000000000000000000000000000000000000000000000000000000000000
00000000000000000000000000000000000000000000000000000000000000000000000111111111111111111111111111111111111111111111111111111111111111111111111111111110000000000000000000000000000000000000000000000000000000000000
00000000000000000000000000000000000000000000000000000000000000000000001111111111111111111111111111111111111111111111111111111111111111111111111111111111100000000000000000000000000000000000000000000000000000000000
00000000000000000000000000000000000000000000000000000000000000000000111111111111111111110000000000000000000000000000000000011111111111111111111111111111111000000000000000000000000000000000000000000000000000000000
00000000000000000000000000000000000000000000000000000000000000000001111111111111111110000000000000000000000000000000000000000011111111111111111111111111111100000000000000000000000000000000000000000000000000000000
00000000000000000000000000000000000000000000000000000000000000000011111111111111111000000000000000000000000000000000000000000001111111111111111111111111111110000000000000000000000000000000000000000000000000000000
00000000000000000000000000000000000000000000000000000000000000000011111111111110000000000000000000000000000000000000000000000000111111111111111111111111111110000000000000000000000000000000000000000000000000000000
00000000000000000000000000000000000000000000000000000000000000000111111111111110000000000000000000000000000000000000000000000000001111111111111111111111111111000000000000000000000000000000000000000000000000000000
00000000000000000000000000000000000000000000000000000000000000001111111111111100000000000000000000000000000000000000000000000000000111111111111111111111111111000000000000000000000000000000000000000000000000000000
00000000000000000000000000000000000000000000000000000000000000001111111111111100000000000000000000000000000000000000000000000000000011111111111111111111111111100000000000000000000000000000000000000000000000000000
00000000000000000000000000000000000000000000000000000000000000011111111111111000000000000000000000000000000000000000000000000000000011111111111111111111111111100000000000000000000000000000000000000000000000000000
00000000000000000000000000000000000000000000000000000000000000011111111111110000000000000000000000000000000000000000000000000000000001111111111111111111111111100000000000000000000000000000000000000000000000000000
00000000000000000000000000000000000000000000000000000000000000011111111111111000000000000000000000000000000000000000000000000000000011111111111111111111111111110000000000000000000000000000000000000000000000000000
00000000000000000000000000000000000000000000000000000000000000011111111111111000000000000000000000000000000000000000000000000000000001111111111111111111111111110000000000000000000000000000000000000000000000000000
00000000000000000000000000000000000000000000000000000000000000111111111111110000000000000000000000000000000000000000000000000000000001111111111111111111111111110000000000000000000000000000000000000000000000000000
00000000000000000000000000000000000000000000000000000000000000111111111111100000000000000000000000000000000000000000000000000000000000011111111111111111111111110000000000000000000000000000000000000000000000000000
00000000000000000000000000000000000000000000000000000000000000111111111111000000000000000000000000000000000000000000000000000000000000011111111111111111111111110000000000000000000000000000000000000000000000000000
00000000000000000000000000000000000000000000000000000000000000111111111100000000000000000000000000000000000000000000000000000000000000000111111111111111111111110000000000000000000000000000000000000000000000000000
00000000000000000000000000000000000000000000000000000000000000011111111000000000000000000000000000000000000000000000000000000000000000011111111111111111111111110000000000000000000000000000000000000000000000000000
00000000000000000000000000000000000000000000000000000000000000011111110000000000000000000000000000000000000000000000000011111111111111111111111111111111111111110000000000000000000000000000000000000000000000000000
00000000000000000000000000000000000000000000000000000000000000011111110000000000000000000000000000000000000000000000000111111111111111111111111111111111111111110000000000000000000000000000000000000000000000000000
00000000000000000000000000000000000000000000000000000000000000001111100000000000001111111111111111111100000000000000001111111111111111111111111111111111111111110111100000000000000000000000000000000000000000000000
00000000000000000000000000000000000000000000000000000000000000001111000000000000111111111111111111111110000000000000111111000000000000011111111111111111111111111111110000000000000000000000000000000000000000000000
00000000000000000000000000000000000000000000000000000000000000001111100000000011111111110000000000000000000000000001110000111111111111111111111111111111111111111111110000000000000000000000000000000000000000000000
00000000000000000000000000000000000000000000000000000000000011111111100000001111110000000000111111111110000000000001111110011000111111101111111111111111111111111111111000000000000000000000000000000000000000000000
00000000000000000000000000000000000000000000000000000000000111111111100000001100000011111111111111110001100000000001111101111000111111111111111111111111111111111111111000000000000000000000000000000000000000000000
00000000000000000000000000000000000000000000000000000000000111110011110000000000011111100111111100011111100000000001111110000000000011111111111111111111111111111111111000000000000000000000000000000000000000000000
00000000000000000000000000000000000000000000000000000000000111100000110000000001111111111111000000000011100000000011111111000000001111111111111111111111111111111111111000000000000000000000000000000000000000000000
00000000000000000000000000000000000000000000000000000000000111000000010000000011110000000000000010000000000000000111111100000000000000000000000111111111111111111111110000000000000000000000000000000000000000000000
00000000000000000000000000000000000000000000000000000000000111000000000000000000000000000000000000000000000000000011111100000000000000000000000111111111111111111111110000000000000000000000000000000000000000000000
00000000000000000000000000000000000000000000000000000000000011000000011000000000000000000000000000000000000000000001111110000000000000000000000001111111111111111001100000000000000000000000000000000000000000000000
00000000000000000000000000000000000000000000000000000000000001000000011000000000000000000000000000000000000000000001111111100000000000000000000001111111111111111111100000000000000000000000000000000000000000000000
00000000000000000000000000000000000000000000000000000000000001100000011100000000000000000000000000000000000000000001111111100000000000000000000001111111111111111111100000000000000000000000000000000000000000000000
00000000000000000000000000000000000000000000000000000000000000000000000110000000000000000000000000000000000000000000111111111000000000000000000000111111111111111111000000000000000000000000000000000000000000000000
00000000000000000000000000000000000000000000000000000000000000000000000010000000000000000000000000000000000000000000011111111100000000000000000000111111111111111110000000000000000000000000000000000000000000000000
00000000000000000000000000000000000000000000000000000000000000000000000010000000000000000000000000000000000000000000001100001111000000000000000001111111111111111100000000000000000000000000000000000000000000000000
00000000000000000000000000000000000000000000000000000000000000001001110011000000000000000000000000000000000000000000000000000111100000000000000001111111111111111000000000000000000000000000000000000000000000000000
00000000000000000000000000000000000000000000000000000000000000001111110001100000000000000000000000000000000000000001111000111111000000000000000001111111111111111000000000000000000000000000000000000000000000000000
00000000000000000000000000000000000000000000000000000000000000000110000001100000000000000000010000001111110000000111111111111111000001000000000011111111110111110000000000000000000000000000000000000000000000000000
00000000000000000000000000000000000000000000000000000000000000000010000001110000000000000000100000000000000001111111110000000000000000110000000011111111100000000000000000000000000000000000000000000000000000000000
00000000000000000000000000000000000000000000000000000000000000000011000011111000000000000011000000000000000000000000000000000000011110001000000111111111100000000000000000000000000000000000000000000000000000000000
00000000000000000000000000000000000000000000000000000000000000000001111100111110000000000100000000000000000000000000000001011111111111100100000111111111100000000000000000000000000000000000000000000000000000000000
00000000000000000000000000000000000000000000000000000000000000000000000000111111000000001000000000000000000000000000000000000011111111110110011111111111000000000000000000000000000000000000000000000000000000000000
00000000000000000000000000000000000000000000000000000000000000000000000000011100100000010000000000000000000000000000111111111111111111110110001111111111000000000000000000000000000000000000000000000000000000000000
00000000000000000000000000000000000000000000000000000000000000000000000000011110011000010000000000001111111110001111111111111111111111111110001111111110000000000000000000000000000000000000000000000000000000000000
00000000000000000000000000000000000000000000000000000000000000000000000000001110001000010001011111111111100011111100000000000000111111110000001111111110000000000000000000000000000000000000000000000000000000000000
00000000000000000000000000000000000000000000000000000000000000000000000000001111000000000001111111000000000000000000000000000011111110000000011111111100000000000000000000000000000000000000000000000000000000000000
00000000000000000000000000000000000000000000000000000000000000000000000000000111000000000000011111100000000000000000000000111111111000000000111111111100000000000000000000000000000000000000000000000000000000000000
00000000000000000000000000000000000000000000000000000000000000000000000000000011100001000000000111111111111100001000111111111111110000000001111111111000000000000000000000000000000000000000000000000000000000000000
00000000000000000000000000000000000000000000000000000000000000000000000000000001111000100000000000111111111111111111111111111111100000011111111111110000000000000000000000000000000000000000000000000000000000000000
00000000000000000000000000000000000000000000000000000000000000000000000000000000111100000000000000001100111000000000001111111110000000111111111111000000000000000000000000000000000000000000000000000000000000000000
00000000000000000000000000000000000000000000000000000000000000000000000000000000011110000000000000000000000000000000001111110000000011111111111111000000000000000000000000000000000000000000000000000000000000000000
00000000000000000000000000000000000000000000000000000000000000000000000000000000011111000000000000000000011000000000000000000000000111111111111110000000000000000000000000000000000000000000000000000000000000000000
00000000000000000000000000000000000000000000000000000000000000000000000000000000011111110000000000000000000000000000000000000000011111111111111110000000000000000000000000000000000000000000000000000000000000000000
00000000000000000000000000000000000000000000000000000000000000000000000000000000001000111000000000000000000000000000000000000000011111111111111110000000000000000000000000000000000000000000000000000000000000000000
00000000000000000000000000000000000000000000000000000000000000000000000000000000000000001100000000000000000000000000000000000000001111111111111111000000000000000000000000000000000000000000000000000000000000000000
00000000000000000000000000000000000000000000000000000000000000000000000000000000000000000111100000000000000000000000000000000000011111111111111111100000000000000000000000000000000000000000000000000000000000000000
00000000000000000000000000000000000000000000000000000000000000000000000000000000100000000001110000000000000000000000000000000000011111111111111111011000000000000000000000000000000000000000000000000000000000000000
00000000000000000000000000000000000000000000000000000000000000000000000000000011000000000000011000000000000000000000000000000000111111111111111110011110000000000000000000000000000000000000000000000000000000000000
00000000000000000000000000000000000000000000000000000000000000000000000000001111000000000000000100000000000000000000000000000001111111111111111100011111000000000000000000000000000000000000000000000000000000000000
00000000000000000000000000000000000000000000000000000000000000000000000000111110000000000000000000000000000000000000000000000011111111111111111000011111100000000000000000000000000000000000000000000000000000000000
00000000000000000000000000000000000000000000000000000000000000000000000001111110000000000000000000110000000000000000000000001111111111111111110000001111111000000000000000000000000000000000000000000000000000000000
00000000000000000000000000000000000000000000000000000000000000000000001111111110000000000000000000001111000000000000000001111111111111111111100000001111111110000000000000000000000000000000000000000000000000000000
00000000000000000000000000000000000000000000000000000000000000000001111111111110000000000000000000000001111111111111111111111111111111111110000000001111111111110000000000000000000000000000000000000000000000000000
00000000000000000000000000000000000000000000000000000000000000011111111111111100000000000000000000000000000111111111111111111111111111111100000000001111111111111111000000000000000000000000000000000000000000000000
00000000000000000000000000000000000000000000000000000000001111111111111111111100000000000000000000000000000000000111111111111111111111110000000000001111111111111111111110000000000000000000000000000000000000000000
00000000000000000000000000000000000000000000000000001111111111111111111111111100000000000000000000000000000000000000000000011111111111000000000000000111111111111111111111111110000000000000000000000000000000000000
00000000000000000000000000000000000000000000000111111111111111111111111111111110000000000000000000000000000000000000000000001111111110000000000000000111111111111111111111111111111100000000000000000000000000000000
00000000000000000000000000000000000000000111111111111111111111111111111111111110000000000000000000000000000000000000000000001111111000000000000000001111111111111111111111111111111111111111000000000000000000000000
00000000000000000000000000000000000111111111111111111111111111111111111111111110000000000000000000000010000000000000000000011111100000000000000000001111111111111111111111111111111111111111000000000000000000000000
00000000000000000000000000000000000111111111111111111111111111111111111111111110000000000000000000000000100000000000000000001100000000000000000000000111111111111111111111111111111111111111000000000000000000000000
00000000000000000000000000000000000111111111111111111111111111111111111111111111000000000000000000000000001100000000000000010000000000000000000000000111111111111111111111111111111111111111000000000000000000000000
00000000000000000000000000000000000111111111111111111111111111111111111111111111000000000000000000000000000011000000000000000000000000000000000000000111111111111111111111111111111111111111000000000000000000000000
00000000000000000000000000000000000111111111111111111111111111111111111111111111000000000000000000000000000000111000000000000000000000000000000000001111111111111111111111111111111111111111000000000000000000000000
00000000000000000000000000000000000111111111111111111111111111111111111111111111100000000000000000000000000000000000000000000000000000000000000000001111111111111111111111111111111111111111000000000000000000000000
00000000000000000000000000000000000111111111111111111111111111111111111111111111100000000000000000000000000000000000000000000000000000000000000000001111111111111111111111111111111111111111000000000000000000000000
00000000000000000000000000000000000111111111111111111111111111111111111111111111100000000000000000000000000000000000001000000000000000000000000000011111111111111111111111111111111111111111000000000000000000000000
00000000000000000000000000000000001111111111111111111111111111111111111111111111110000000000000000000000000000100111111110000000000000000000000000011111111111111111111111111111111111111111000000000000000000000000
00000000000000000000000000000000001111111111111111111111111111111111111111111111110000000000000000000000000000011111111111100000000000000000000000011111111111111111111111111111111111111111000000000000000000000000
00000000000000000000000000000000001111111111111111111111111111111111111111111111110000000000000000000000000110000000111111110000000000000000000000111111111111111111111111111111111111111111000000000000000000000000
00000000000000000000000000000000001111111111111111111111111111111111111111111111111000000000000000000000001111110001000111000000000000000000000000111111111111111111111111111111111111111111000000000000000000000000
00000000000000000000000000000000001111111111111111111111111111111111111111111111111000000000000000000000100011101111110000000000000000000000000000111111111111111111111111111111111111111111000000000000000000000000
00000000000000000000000000000000001111111111111111111111111111111111111111111111111000000000000000000001000011101111111000000000000000000000000000111111111111111111111111111111111111111111000000000000000000000000
00000000000000000000000000000000001111111111111111111111111111111111111111111111111100000000000000000010000011100111111100000000000000000000000001111111111111111111111111111111111111111111000000000000000000000000
00000000000000000000000000000000001111111111111111111111111111111111111111111111111100000000000000001000000000001111111000000000000000000000000001111111111111111111111111111111111111111111000000000000000000000000
00000000000000000000000000000000001111111111111111111111111111111111111111111111111100000000000000000000000000000000111000000000000000000000000001111111111111111111111111111111111111111111000000000000000000000000
00000000000000000000000000000000001111111111111111111111111111111111111111111111111100000000000000000000000000000000000000000000000000000000000001111111111111111111111111111111111111111111000000000000000000000000
00000000000000000000000000000000001111111111111111111111111111111111111111111111111110000000000000000000000000000111100000000000000000000000000011111111111111111111111111111111111111111111000000000000000000000000
00000000000000000000000000000000001111111111111111111111111111111111111111111111111110000000000000000000000110011101110000000000000000000000000011111111111111111111111111111111111111111111000000000000000000000000
00000000000000000000000000000000001111111111111111111111111111111111111111111111111110000000000000000000111100111111110000000000000000000000000011111111111111111111111111111111111111111111000000000000000000000000
00000000000000000000000000000000001111111111111111111111111111111111111111111111111110000000000000000000000011111110011000000000000000000000000111111111111111111111111111111111111111111111000000000000000000000000
00000000000000000000000000000000001111111111111111111111111111111111111111111111111110000000000000000011000000011110001000000000000000000000000111111111111111111111111111111111111111111111000000000000000000000000
